Final Metrics across all sequences:
epe3d_allo_image_all: 0.8865140388607978
epe3d_allo_pixel_all: 0.88696630858189
epe3d_sf_allo_image_all: 0.0
epe3d_sf_allo_pixel_all: 0.0
num_valid_pixels: 49400.0
delta_0.05: 0.1704397482660193
delta_0.1: 0.3576591049241175
delta_0.2: 0.5307957256020667
delta_0.4: 0.7416256925228435
outlier_0.15: 0.5207984199637151
delta_epe_0.1: 0.6243887081705937
delta_epe_0.3: 0.8094420668213009
delta_epe_0.5: 0.8671544363462355
delta_epe_1.0: 0.929890132176453
outlier_epe_0.25: 0.2141666973862332
